PATH 41 23
0 0
1 0
2 0
3 0
4 0
5 0
6 0
7 0
7 1
7 2
7 3
6 3
6 4
5 4
5 5
6 5
7 5
8 5
8 6
7 6
7 7
7 8
8 8
8 9
8 10
9 10
9 11
10 11
11 11
11 12
11 13
10 13
9 13
9 14
9 15
10 15
10 16
11 16
11 17
11 18
11 19
12 19
13 19
14 19
14 20
15 20
15 19
15 18
16 18
16 19
17 19
17 20
18 20
19 20
19 21
19 22
20 22
21 22
21 21
22 21
22 20
23 20
23 21
24 21
24 20
24 19
24 18
24 17
24 16
25 16
26 16
27 16
27 15
27 14
27 13
27 12
26 12
25 12
24 12
23 12
23 13
23 14
23 15
22 15
21 15
20 15
19 15
19 14
19 13
19 12
19 11
20 11
21 11
21 10
21 9
21 8
22 8
22 7
22 6
23 6
23 5
23 4
23 3
23 2
23 1
24 1
24 2
24 3
25 3
26 3
27 3
27 2
28 2
28 3
29 3
29 4
30 4
30 5
31 5
31 4
32 4
33 4
33 3
34 3
35 3
36 3
37 3
37 4
37 5
37 6
37 7
38 7
39 7
39 8
40 8
40 9
39 9
39 10
39 11
39 12
38 12
38 13
38 14
39 14
40 14
40 15
40 16
40 17
39 17
38 17
37 17
37 18
37 19
37 20
37 21
37 22
38 22
39 22
39 21
40 21
40 22
